[Run information]
Machine_ID = 0
Run_ID = 4740
Run_name = EEE_Prova_SCINT7900__20140604_200646
[Geometry]
z0 = 145.000000
z1 = 85.000000
z2 = 23.000000
Orientation = 0.000000
[Detector]
dz = 6.000000
Propagation_speed = 15.000000
Strip_pitch = 3.875000
Strip_length = 200.000000
Delay_top_pos = 0
Delay_top_neg = 0
Delay_mid_pos = 0
Delay_mid_neg = -4250
Delay_bot_pos = 0
Delay_bot_neg = 0
